20.04601
20.04601
19.69065
19.40763
19.34878
19.21548
19.09175
18.97696
18.85892
18.7365
18.53583
18.47408
18.43526
18.39591
18.35839
18.31629
18.27883
18.24162
18.20469
18.1688
18.12506
18.08589
18.04905
18.01107
17.97093
17.93325
17.89454
17.85689
17.81529
17.77376
17.70869
17.64266
17.60108
17.49117
17.36156
17.22126
17.0737
16.91496
16.78902
16.65711
16.52848
16.40289
16.27308
16.15022
16.02059
15.89663
15.76932
15.6191
15.49642
15.37135
15.23955
15.11152
14.99194
14.8411
14.71838
14.52323
14.35651
14.22141
14.095
13.9686
13.83834
13.7117
13.58158
13.44587
13.28207
13.06808
12.9322
12.8037
12.67269
12.53842
12.40858
12.28515
12.15467
12.0247
11.87679
11.75529
11.68818
11.62422
11.5598
11.49491
11.43091
11.36249
11.29638
11.22428
11.15937
11.08848
11.0245
10.97155
10.93234
10.89452
10.84937
10.80624
10.76707
10.70214
10.57131
10.44109
10.30771
10.1459
9.994409
9.858886
9.727018
9.596456
9.455482
9.314363
9.193627
9.066444
8.929255
8.806269
8.671242
8.510453
8.324763
8.198071
8.050826
7.927799
7.805589
7.673005
7.536147
7.414521
7.279906
7.150599
7.029154
6.912226
6.785238
6.639791
6.511843
6.386708
6.252121
6.124725
6.036158
5.945536
5.854458
5.767172
5.671872
5.583419
5.488391
5.391275
5.295728
5.212156
5.114926
5.026431
4.947072
4.863045
4.767134
4.678526
4.585837
4.496524
4.400958
4.307123
4.212449
4.127727
4.039104
3.951539
3.867322
3.780195
3.700887
3.619223
3.530185
3.425321
3.340965
3.259267
3.164049
3.083015
3.00141
2.913921
2.817078
2.716187
2.631181
2.557891
2.505351
2.45837
2.420823
2.398144
2.384847
2.380342
2.387663
2.402097
2.424451
2.451553
2.487118
2.529855
2.571019
2.622342
2.678578
2.731858
2.74856
2.757226
2.765975
2.772969
2.782346
2.787694
2.794892
2.801109
2.80593
2.812064
2.813677
2.817466
2.818653
2.819298
2.820797
2.818184
2.818001
2.813941
2.810653
2.806746
2.800626
2.797243
2.788662
2.78272
2.775175
2.767581
2.762044
2.752672
2.746922
2.738789
2.732779
2.727836
2.722903
2.721012
2.718614
2.720726
2.722756
2.728621
2.736876
2.747113
2.762034
2.780754
2.805952
2.832238
2.863911
2.898596
2.936105
2.984895
3.036965
3.095746
3.161982
3.236462
3.312232
3.405686
3.49277
3.585293
3.668259
3.750104
3.842797
3.922533
4.001575
4.083818
4.168826
4.257512
4.340036
4.422112
4.508159
4.591131
4.68693
4.772715
4.863699
4.789898
6.743447
2.235606
6.234763
25.40725
25.40725
25.40725
25.40725
25.40725
25.40725
25.40725
25.40725
25.40725
25.40725
25.40725
25.40725
25.40725
25.40725
25.40725
25.40725
25.40725
25.40725
25.40725
25.40725
25.40725
25.40725
25.40725
25.40725
25.40725
25.40725
25.40725
25.40725
25.40725
25.40725
25.40725
25.40725
25.40725
25.40725
25.40725
25.40725
25.40725
25.40725
25.40725
25.40725
25.40725
25.40725
25.40725
25.40725
25.40725
25.40725
25.40725
25.40725
25.40725
25.40725
25.40725
25.40725
25.40725
25.40725
25.40725
25.40725
25.40725
25.40725
25.40725
25.40725
25.40725
25.40725
25.40725
25.40725
25.40725
25.40725
25.40725
25.40725
25.40725
25.40725
25.40725
25.40725
25.40725
25.40725
25.40725
25.40725
25.40725
25.40725
25.40725
25.40725
25.40725
25.40725
25.40725
25.40725
25.40725
25.40725
25.40725
25.40725
25.40725
25.40725
25.40725
25.40725
25.40725
25.40725
25.40725
25.40725
25.40725
25.40725
25.40725
25.40725
25.40725
25.40725
25.40725
25.40725
25.40725
25.40725
25.40725
25.40725
25.40725
25.40725
25.40725
25.40725
25.40725
25.40725
25.40725
25.40725
25.40725
25.40725
25.40725
25.40725
25.40725
25.40725
25.40725
25.40725
25.40725
25.40725
25.40725
25.40725
25.40725
25.40725
25.40725
25.40725
25.40725
25.40725
25.40725
25.40725
25.40725
25.40725
25.40725
25.40725
25.40725
25.40725
25.40725
25.40725
25.40725
25.40725
25.40725
25.40725
25.40725
25.40725
25.40725
25.40725
25.40725
25.40725
25.40725
25.40725
25.40725
25.40725
25.40725
25.40725
25.40725
25.40725
25.40725
25.40725
25.40725
25.40725
25.40725
25.40725
25.40725
25.40725
25.40725
25.40725
25.40725
25.40725
25.40725
25.40725
25.40725
25.40725
25.40725
25.40725
25.40725
25.40725
25.40725
25.40725
25.40725
25.40725
25.40725
25.40725
25.40725
25.40725
25.40725
25.40725
25.40725
25.40725
25.40725
25.40725
25.40725
25.40725
25.40725
25.40725
25.40725
25.40725
25.40725
25.40725
25.40725
25.40725
25.40725
25.40725
25.40725
25.40725
25.40725
25.40725
25.40725
25.40725
25.40725
25.40725
25.40725
25.40725
25.40725
25.40725
25.40725
25.40725
25.40725
25.40725
25.40725
25.40725
25.40725
25.40725
25.40725
25.40725
25.40725
25.40725
25.40725
25.40725
25.40725
25.40725
25.40725
25.40725
25.40725
25.40725
25.40725
25.40725
25.40725
25.40725
25.40725
25.40725
25.40725
25.40725
25.40725
25.40725
25.40725
25.40725
25.40725
25.40725
25.40725
25.40725
25.40725
25.40725
25.40725
25.40725
25.40725
25.40725
25.40725
25.40725
25.40725
25.40725
25.40725
25.40725
25.40725
25.40725
25.40725
25.40725
25.40725
25.40725
25.40725
25.40725
25.40725
25.40725
25.40725
25.40725
25.40725
25.40725
25.40725
25.40725
25.40725
25.40725
25.40725
25.40725
25.40725
25.40725
25.40725
25.40725
25.40725
25.40725
25.40725
25.40725
25.40725
25.40725
25.40725
25.40725
25.40725
25.40725
25.40725
25.40725
25.40725
25.40725
25.40725
25.40725
25.40725
25.40725
25.40725
25.40725
25.40725
25.40725
25.40725
25.40725
25.40725
25.40725
25.40725
25.40725
25.40725
25.40725
25.40725
25.40725
25.40725
25.40725
25.40725
25.40725
25.40725
25.40725
25.40725
25.40725
25.40725
25.40725
25.40725
25.40725
25.40725
25.40725
25.40725
25.40725
25.40725
25.40725
25.40725
25.40725
25.40725
25.40725
25.40725
25.40725
25.40725
25.40725
25.40725
25.40725
25.40725
25.40725
25.40725
25.40725
25.40725
25.40725
25.40725
25.40725
25.40725
25.40725
25.40725
25.40725
25.40725
25.40725
25.40725
25.40725
25.40725
25.40725
25.40725
25.40725
25.40725
25.40725
25.40725
25.40725
25.40725
25.40725
25.40725
25.40725
25.40725
25.40725
25.40725
25.40725
25.40725
25.40725
25.40725
25.40725
25.40725
25.40725
25.40725
25.40725
25.40725
25.40725
25.40725
25.40725
25.40725
25.40725
25.40725
25.40725
25.40725
25.40725
25.40725
25.40725
25.40725
25.40725
25.40725
25.40725
25.40725
25.40725
25.40725
25.40725
25.40725
25.40725
25.40725
25.40725
25.40725
25.40725
25.40725
25.40725
25.40725
25.40725
25.40725
25.40725
25.40725
25.40725
25.40725
25.40725
25.40725
25.40725
25.40725
25.40725
25.40725
25.40725
25.40725
25.40725
25.40725
25.40725
25.40725
25.40725
25.40725
25.40725
25.40725
25.36664
25.32592
25.28387
25.24221
25.20449
25.16572
25.12398
25.08267
25.04484
25.00559
24.96538
24.92704
24.88315
24.84331
24.8042
24.76186
24.72293
24.68142
24.64292
24.60318
24.56464
24.52518
24.48635
24.44552
24.40289
24.35833
24.31749
24.27895
24.23895
24.19827
24.15656
24.11572
24.07575
24.03153
23.99162
23.94719
23.90805
23.86375
23.81851
23.7719
23.72733
23.68246
23.64233
23.60025
23.55977
23.52072
23.47905
23.44002
23.40139
23.36239
23.32462
23.28669
23.24795
23.20817
23.169
23.13096
23.0939
23.04962
23.00812
22.9677
22.92671
22.88836
22.84991
22.80816
22.76766
22.72407
22.68525
22.64688
22.60425
22.56366
22.52369
22.48553
22.44311
22.40289
22.36277
22.32225
22.28303
22.24034
22.2018
22.15665
22.11737
22.07709
22.03749
21.99719
21.95808
21.92046
21.88308
21.84093
21.79809
21.75801
21.71984
21.67585
21.63643
21.59591
21.55245
21.51338
21.47444
21.43241
21.3915
21.35035
21.31221
21.27263
21.23149
21.19284
21.15503
21.11626
21.07269
21.02678
20.98824
20.94593
20.90425
20.86543
20.8271
20.78577
20.7458
20.70598
20.66607
20.62626
20.58325
20.54333
20.5049
20.4628
20.42459
20.38477
20.34483
20.30542
20.26516
20.22635
20.18716
20.14705
20.10036
20.05635
20.00973
19.96743
19.92498
19.88413
19.83981
19.7949
19.75031
19.70945
19.66707
19.62745
19.59008
19.54582
19.50836
19.46845
19.43017
19.39029
19.34761
19.30252
19.26022
19.21756
19.17709
19.13897
19.09802
19.05799
19.01465
18.97497
18.93654
18.89679
18.85933
18.82003
18.77972
18.73785
18.70013
18.65731
18.61743
18.57893
18.53941
18.4986
18.4584
18.41915
18.37966
18.34123
18.29852
18.26048
18.22309
18.18309
18.14257
18.10228
18.06406
18.02268
17.98194
17.93694
17.89809
17.85608
17.81432
17.77606
17.73513
17.69447
17.6548
17.61699
17.57425
17.52936
17.48941
17.45135
17.41118
17.36936
17.33128
17.2937
17.25259
17.21176
17.17197
17.13284
17.09349
17.05497
17.01695
16.97898
16.93544
16.89372
16.85264
16.81358
16.77608
16.73717
16.69954
16.65956
16.61779
16.57942
16.54128
16.50378
16.45973
16.41858
16.37552
16.33144
16.29114
16.25317
16.20939
16.16764
16.12581
16.08284
16.0421
16.00043
15.96199
15.91934
15.87765
15.83637
15.79426
15.75243
15.67964
15.62675
15.56749
15.50822
15.45171
15.39288
15.29921
15.26101
15.22308
15.18386
15.14612
15.1093
15.06697
15.02533
14.9829
14.93974
14.90202
14.86548
14.82265
14.78139
14.74089
14.70093
14.65272
14.61382
14.57278
14.53518
14.49567
14.45724
14.41926
14.37801
14.34093
14.30021
14.25742
14.21655
14.17964
14.14265
14.10305
14.06319
14.02624
13.99036
13.95079
13.9117
13.87135
13.83474
13.79866
13.76386
13.72763
13.72762
13.72762
13.72762
13.72762
13.72762
13.72762
13.72762
13.72762
13.72762
13.72762
13.72762
13.72762
13.72762
13.72762
13.72762
13.72762
13.72762
13.72762
13.72762
13.72762
13.72762
13.72762
13.72762
13.72762
13.72762
13.72762
13.72762
13.72762
13.72762
13.72762
13.72762
13.72762
13.72762
13.72762
13.72762
13.72762
13.72762
13.72762
13.72762
13.72762
13.72762
13.72762
13.72762
13.72762
13.72762
13.72762
13.72762
13.72762
13.72762
13.72762
13.72762
13.72762
13.72762
13.72762
13.72762
13.72762
13.72762
13.72762
13.72762
13.72762
13.72762
13.72762
13.72762
13.72762
13.72762
13.72762
13.72762
13.72762
13.72762
13.72762
13.72762
13.72762
13.72762
13.72762
13.72762
13.72762
13.72762
13.72762
13.72762
13.72762
13.72762
13.72762
13.72762
13.72762
13.72762
13.72762
13.72762
13.72762
13.72762
13.72762
13.72762
13.72762
13.72762
13.72762
13.72762
13.72762
13.72762
13.72762
13.72762
13.72762
13.72762
13.72762
13.72762
13.72762
13.72762
13.72762
13.72762
13.72762
13.72762
13.72762
13.72762
13.72762
13.72762
13.72762
13.72762
13.72762
13.72762
13.72762
13.72762
13.72762
13.72762
13.72762
13.72762
13.72762
13.72762
13.72762
13.72762
13.72762
13.72762
13.72762
13.72762
13.72762
13.72762
13.72762
13.72762
13.72762
13.72762
13.72762
13.72762
13.72762
13.72762
13.72762
13.72762
13.72762
13.72762
13.72762
13.72762
13.72762
13.72762
13.72762
13.72762
13.72762
13.72762
13.72762
13.72762
13.72762
13.72762
13.72762
13.72762
13.72762
13.72762
13.74799
13.83229
13.91219
13.99059
14.08175
14.16314
14.24442
14.32327
14.41069
14.50718
14.58735
14.67024
14.75353
14.84614
14.92819
15.01341
15.0952
15.17804
15.26276
15.34257
15.42126
15.50077
15.58046
15.66348
15.74872
15.82981
15.91026
15.98861
16.07323
16.13888
16.16177
16.18171
16.18171
16.1817
16.1817
16.18169
16.18169
16.18169
16.18168
16.18168
16.18168
16.18168
16.18168
16.12353
16.02098
15.93866
15.85252
15.77395
15.69147
15.60776
15.52765
15.44448
15.36177
15.27628
15.19033
15.08809
15.00084
14.9095
14.82598
14.74406
14.66247
14.58523
14.49708
14.40399
14.32481
14.24361
14.16425
14.07802
13.99651
13.91607
13.83745
13.75298
13.66211
13.57944
13.49809
13.41553
13.33321
13.24674
13.16827
13.08525
13.00256
12.92151
12.83017
12.73981
12.65486
12.57505
12.48204
12.39573
12.31377
12.22824
12.13555
12.04741
11.96761
11.87584
11.78382
11.78166
11.78166
11.78166
11.78166
11.78166
11.78166
11.78166
11.78166
11.78166
11.78166
11.78166
11.78166
11.78166
11.78166
11.78166
11.78166
11.78166
11.78166
11.78166
11.78166
11.78166
11.78166
11.78166
11.78166
11.78166
11.75238
11.67037
11.58466
11.4877
11.40579
11.32194
11.24055
11.1615
11.07189
10.98541
10.90523
10.81934
10.72077
10.62998
10.58166
10.58166
10.58166
10.58166
10.58166
10.58166
10.58166
10.58166
10.58166
10.58166
10.58166
10.58166
10.58166
10.58166
10.58166
10.58166
10.58166
10.58166
10.58166
10.58166
10.58166
10.58166
10.65696
10.74648
10.82805
10.91447
11.0012
11.08443
11.16391
11.2435
11.32735
11.41913
11.50065
11.58132
11.66253
11.74416
11.83315
11.91529
12.00035
12.09095
12.18128
12.26521
12.34752
12.42582
12.50715
12.60259
12.69119
12.77376
12.78167
12.78166
12.78166
12.78166
12.74671
12.66629
12.58626
12.49991
12.41691
12.32419
12.24034
12.15979
12.07801
11.9948
11.90709
11.822
11.73483
11.64163
11.55748
11.46514
11.38071
11.29084
11.2077
11.12529
11.0337
10.95271
10.86544
10.78049
10.69649
10.61583
10.53212
10.4487
10.36622
10.2803
10.19093
10.10015
10.01637
9.928121
9.835483
9.781653
9.781653
9.781653
9.781653
9.781653
9.781653
9.781653
9.781653
9.781653
9.781653
9.781653
9.781653
9.781653
9.781653
9.781653
9.781655
9.781653
9.781653
9.781653
9.781653
9.781655
9.781653
9.781653
9.781653
9.781653
9.781653
9.781653
9.781653
9.781653
9.781653
9.781653
9.781653
9.781653
9.781653
9.781653
9.781653
9.801633
9.884658
9.974374
10.05834
10.144
10.22655
10.30488
10.38458
10.46714
10.55926
10.65042
10.73152
10.8132
10.90542
10.9865
11.06655
11.14556
11.22804
11.32445
11.41024
11.49289
11.57538
11.67172
11.75146
11.83088
11.9131
12.00305
12.08646
12.16889
12.248
12.33184
12.41003
12.50363
12.58877
12.67937
12.76317
12.85329
12.93836
12.98166
12.98166
12.98166
12.98166
12.98166
12.98166
12.98166
12.98166
12.98166
12.98166
12.98166
12.98166
12.98166
12.98166
12.98166
12.98166
12.98166
12.98166
12.98166
12.98166
12.98166
12.98166
12.98166
12.98166
12.98166
12.98166
12.99317
13.03366
13.07184
13.11013
13.15541
13.19436
13.23751
13.27918
13.32313
13.3606
13.40041
13.44268
13.48198
13.51972
13.55783
13.60283
13.6421
13.68105
13.71891
13.76182
13.80357
13.84612
13.88933
13.86878
13.82225
13.77382
13.72569
13.67449
13.62793
13.57724
13.53177
13.48718
13.44232
13.39666
13.34948
13.29852
13.25228
13.20149
13.15235
13.10699
13.06064
13.01347
12.96221
12.91687
12.86895
12.82347
12.77841
12.73042
12.73971
12.78317
12.82301
12.86412
12.90289
12.94112
12.98141
13.02026
13.06333
13.10026
13.1398
13.17945
13.22239
13.26322
13.30161
13.34186
13.38091
13.42308
13.46236
13.50166
13.54346
13.58281
13.62187
13.66069
13.70438
13.74566
13.79052
13.83133
13.87288
13.91899
13.96287
14.00137
14.04149
14.08447
14.12609
14.16795
14.21803
14.26117
14.30199
14.34528
14.38399
14.42236
14.46458
14.50809
14.547
14.58592
14.62592
14.667
14.70584
14.74271
14.78466
14.82379
14.86424
14.90295
14.94387
14.98381
15.02324
15.06336
15.10264
15.1468
15.186
15.23072
15.27172
15.31042
15.35001
15.3907
15.43274
15.47122
15.51057
15.55019
15.5898
15.6289
15.66613
15.70899
15.74865
15.78876
15.82896
15.86858
15.90969
15.94719
15.98559
16.02707
16.06612
16.104
16.14687
16.18894
16.2275
16.26541
16.3034
16.34721
16.3867
16.42449
16.46603
16.5073
16.5491
16.5907
16.63362
16.64713
16.59949
16.55135
16.5046
16.45255
16.40648
16.35588
16.31107
16.26624
16.22211
16.17386
16.1207
16.07435
16.02649
15.97951
15.93057
15.88627
15.83629
15.78723
15.73529
15.6902
15.72524
15.76459
15.80374
15.84337
15.88337
15.92562
15.96779
16.01067
16.053
16.09639
16.1412
16.18638
16.22992
16.3501
16.47456
16.60729
16.7545
16.89202
17.02377
17.15032
17.28273
17.40819
17.54362
17.66576
17.78651
17.90535
18.02822
18.15653
18.3003
18.42523
18.55586
18.69755
18.83684
18.89191
18.93321
18.97211
19.01163
19.05189
19.09219
19.13022
19.16855
19.2091
19.24824
19.28671
19.32792
19.36939
19.41253
19.45035
19.49386
19.53612
19.57867
19.62151
19.65984
19.69761
19.73717
19.78035
19.82052
19.86345
19.90706
19.94701
19.98822
20.02678
20.06551
20.10894
20.14865
20.19155
20.23104
20.27228
20.31341
20.35356
20.39285
20.42949
20.46863
20.5084
20.54717
20.58573
20.62481
20.66646
20.7061
20.74358
20.78079
20.8237
20.86418
20.90202
20.94221
20.98199
21.02157
21.0587
21.09805
21.13827
21.17915
21.21646
21.25375
21.29527
21.3343
21.37772
21.41949
21.4582
21.49632
21.45497
21.40413
21.35761
21.31026
21.26219
21.2083
21.15703
21.10488
21.05273
21.00257
20.95302
20.90106
20.84718
20.79556
20.7372
20.68492
20.63401
20.58402
20.5358
20.48433
20.42832
20.36447
20.30594
20.25574
20.25573
20.25574
20.25574
20.25574
20.25574
20.25573
20.25574
20.25574
20.25573
20.25574
20.25573
20.25573
20.25573
20.25574
20.25574
20.25574
20.30978
20.39381
20.47652
20.55708
20.65839
20.73987
20.82467
20.90548
20.9981
21.08368
21.16693
21.25065
21.33961
21.42438
21.50504
21.59044
21.67434
21.75869
21.84066
21.92218
22.00519
22.08845
22.17779
22.25829
22.34155
22.42768
22.45574
22.45574
22.45574
22.45574
22.45574
22.45574
22.45574
22.45574
22.45574
22.45574
22.45574
22.45574
22.45574
22.45574
22.45574
22.45574
22.45574
22.45574
22.45574
22.45574
22.45574
22.45574
22.45574
22.45574
22.41434
22.3302
22.24716
22.16667
22.08489
22.00144
21.91798
21.83519
21.74986
21.66874
21.588
21.50875
21.42671
21.33368
21.24918
21.16228
21.06787
21.05574
21.05574
21.05574
21.05574
21.05574
21.05574
21.05574
21.05574
21.05574
21.05574
21.05573
21.05574
21.05574
21.05574
21.05574
21.05574
21.05574
21.05574
21.05574
21.05574
21.05574
21.05574
21.05573
21.05574
21.05574
21.05574
21.05574
21.05574
21.05574
21.05574
21.05574
21.05574
21.05574
21.05574
21.05574
21.05574
21.05574
21.05574
21.05574
21.05574
21.05574
21.05574
21.05574
21.05574
21.05574
21.05574
21.05574
21.05574
21.05574
21.05574
21.05574
21.05574
21.05574
21.05574
21.05574
21.05574
21.05574
21.05574
21.05574
21.05574
21.05574
21.05574
21.05574
21.05574
21.05574
21.00643
20.91932
20.83182
20.7433
20.66112
20.57939
20.49981
20.41052
20.32403
20.24191
20.1586
20.07561
19.99027
19.90959
19.82687
19.7444
19.6615
19.56376
19.48108
19.39465
19.30931
19.21508
19.12854
19.05574
19.05574
19.05574
19.05574
19.05574
19.05574
19.05574
19.05574
19.05574
19.05574
19.05574
19.05574
19.05574
19.05573
19.05574
19.05574
19.05574
19.05574
19.05574
19.05574
19.05574
19.05574
19.05573
19.05574
19.10571
19.19354
19.27629
19.35501
19.43741
19.5331
19.61675
19.69475
19.77638
19.85434
19.94883
20.03245
20.1166
20.20131
20.29901
20.38902
20.46735
20.5466
20.62855
20.71626
20.79898
20.88089
20.96376
21.04629
21.13106
21.21357
21.29821
21.38175
21.47818
21.56168
21.64724
21.72997
21.82456
21.90972
21.99374
22.07504
22.15669
22.24088
22.32421
22.42427
22.51483
22.59378
22.67621
22.76071
22.84276
22.93409
23.01531
23.09626
23.17811
23.25852
23.34075
23.42352
23.51431
23.596
23.67362
23.76747
23.85131
23.9419
24.03184
24.05575
24.05575
24.05575
24.05575
24.05575
24.05575
24.04527
23.9633
23.88157
23.80143
23.71845
23.6309
23.54434
23.46023
23.37903
23.29206
23.20424
23.12052
23.03595
22.95451
22.8608
22.78054
22.69208
22.6103
22.51969
22.43966
22.35783
22.26996
22.19107
22.09666
22.00878
21.91929
21.83291
21.74634
21.65813
21.57497
21.49059
21.40028
21.31558
21.22883
21.14163
21.05222
20.96015
20.87059
20.78741
20.7062
20.62391
20.53922
20.45528
20.35716
20.27344
20.19071
20.1129
20.02315
19.94021
19.85163
19.76556
19.68473
19.59642
19.51243
19.43304
19.34942
19.2596
19.25574
19.25574
19.25574
19.25574
19.25574
19.25574
19.25574
19.25574
19.25574
19.25574
19.25574
19.25574
19.25574
19.25574
19.25574
19.25574
19.25574
19.25574
19.25574
19.25574
19.25574
19.25574
19.25574
19.25574
19.25574
19.25574
19.25574
19.25574
19.25574
19.25574
19.25574
19.25574
19.25574
19.25574
19.25574
19.25574
19.25574
19.25574
19.25574
19.25574
19.25574
19.25574
19.25574
19.25574
19.25574
19.25574
19.25574
19.25574
19.25574
19.25574
19.25574
19.25574
19.25574
19.25574
19.25574
19.25574
19.25574
19.18973
19.0986
19.02005
18.93627
18.85247
18.76788
18.68769
18.60423
18.52076
18.43617
18.3489
18.26209
18.18128
18.10048
18.02178
17.9318
17.84414
17.75689
17.67511
17.58916
17.50055
17.41653
17.33349
17.2422
17.15912
17.07376
16.99009
16.895
16.81184
16.72579
16.63384
16.5431
16.45434
16.3668
16.28217
16.19778
16.10613
16.0257
15.94465
15.85351
15.77059
15.69177
15.61231
15.5306
15.43725
15.3496
15.26347
15.18415
15.10496
15.02042
14.93888
14.85314
14.77083
14.6884
14.60316
14.51201
14.43145
14.34313
14.25485
14.16431
14.07998
14.00015
13.90409
13.82373
13.73673
13.6506
13.55463
13.47336
13.39455
13.30909
13.22744
13.14085
13.05789
12.96912
12.88906
12.79599
12.70809
12.62715
12.54225
12.44976
12.35555
12.27473
12.19398
12.09794
12.01113
11.91946
11.82291
11.73155
11.647
11.56549
11.47283
11.38779
11.3068
11.2162
11.13187
11.04934
10.96337
10.86841
10.74897
10.60277
10.4637
10.33873
10.21248
10.09082
9.958236
9.829077
9.690547
9.538571
9.407622
9.281812
9.149138
9.027756
8.899966
8.765081
8.605968
8.476191
4.235562
5.729712
5.746583
3.688215
3.209316
1.844809
3.151622
19.09321
19.21094
19.33042
19.47599
19.59622
19.71952
19.84919
19.97189
20.09656
20.23699
20.35882
20.47908
20.62481
20.75693
20.88273
21.01526
21.14851
21.28346
21.41146
21.54075
21.5874
21.63087
21.58929
21.53877
21.48768
21.44127
21.3942
21.34667
21.29935
21.25181
21.20382
21.15517
21.10778
21.06092
21.01035
20.95644
20.90478
20.85988
20.80747
20.7568
20.70947
20.66073
20.60555
20.5553
20.50078
20.44543
20.39738
20.34633
20.29417
20.23947
20.18233
20.09349
20.00724
19.92855
19.84343
19.74869
19.66513
19.58099
19.50055
19.40278
19.32287
19.2401
19.16143
19.07846
18.9853
18.90316
18.81936
18.73578
18.65511
18.56974
18.4848
18.40754
18.32467
18.2389
18.15281
18.0643
17.98058
17.8867
17.80556
17.71697
17.6225
17.53461
17.45157
17.3648
17.28074
17.20107
17.11048
17.02412
16.94407
16.85923
16.764
16.6719
16.58886
16.50186
16.41203
16.33354
16.24681
16.16552
16.0634
15.98202
15.89542
15.80244
15.71719
15.63587
15.5568
15.47084
15.38832
15.3053
15.21481
15.12926
15.03816
14.95666
14.86569
14.78833
14.69961
14.6045
14.52075
14.43824
14.34407
14.25699
14.17471
14.09464
14.00266
13.91777
13.83416
13.75194
13.66441
13.58342
13.5004
13.4197
13.33289
13.25128
13.1666
13.07469
12.99063
12.90982
12.8209
12.72993
12.64921
12.56987
12.48763
12.39989
12.316
12.23352
12.148
12.06305
11.97129
11.88713
11.79661
11.71182
11.62385
11.53695
11.45454
11.37611
11.27147
11.1897
11.10737
11.0265
10.90882
10.82381
10.74021
10.64624
10.56474
10.48413
10.40649
10.3161
10.23071
10.14747
10.05491
9.970407
9.88614
9.798944
9.715145
9.634007
9.539556
9.442245
9.356029
9.255526
9.172954
9.172954
9.172954
9.172954
9.172954
9.172954
9.172954
9.172954
9.172954
9.172954
9.172954
9.172954
9.172954
9.172954
9.172954
9.172954
9.172954
9.172954
9.172954
9.172954
9.172954
9.172954
9.172954
9.172954
9.172954
9.172954
9.172954
9.246744
9.328866
9.412589
9.497684
9.589162
9.675733
9.75735
9.83907
9.929894
9.972953
9.972953
9.929944
9.843141
9.760842
9.680959
9.597937
9.514895
9.433458
9.353305
9.272128
9.187429
9.098058
9.012866
8.928132
8.844288
8.751663
8.668139
8.583876
8.50553
8.419278
8.331659
2.592138
6.591091
6.555012
2.078925
2.074584
2.077055
1.097359
3.300693
1.441238
5.141722
5.989865
5.944845
4.677433
2.133338
2.171151
2.20847
2.250345
2.290754
2.334163
2.377854
4.79374
8.202508
